12
busco_assembly_aminor.asm.p_ctg     0.000000000 0.047301332 0.063238409 0.048819320 0.005779875 0.034967075 0.038237300 0.035744866 0.034999350 0.069916685 0.166247405 0.036590046 
busco_assembly_Lmac1_p1.0_genomic   0.047301332 0.000000000 0.063783961 0.048753649 0.047605064 0.053467154 0.056944295 0.054421998 0.053496411 0.069298191 0.166716000 0.054460933 
busco_assembly_Cviol1.0.p_genomic   0.063238409 0.063783961 0.000000000 0.064915796 0.063559422 0.069573638 0.072800487 0.070511832 0.069608862 0.072604026 0.167760284 0.070782997 
busco_assembly_Pgunn1.2_genomic     0.048819320 0.048753649 0.064915796 0.000000000 0.049051428 0.055242899 0.058353437 0.056314014 0.055243197 0.070912432 0.167823779 0.056460019 
busco_assembly_alupus.asm.p_ctg     0.005779875 0.047605064 0.063559422 0.049051428 0.000000000 0.035107935 0.038457924 0.036120034 0.035137519 0.070199163 0.167044954 0.036744605 
busco_assembly_byu.asm.p_ctg        0.034967075 0.053467154 0.069573638 0.055242899 0.035107935 0.000000000 0.027768414 0.025207258 0.000131893 0.076032864 0.171616721 0.014718651 
busco_assembly_Melgel1.1_genomic    0.038237300 0.056944295 0.072800487 0.058353437 0.038457924 0.027768414 0.000000000 0.021086752 0.027741085 0.079206127 0.175144141 0.029326317 
busco_assembly_norway.asm.p_ctg     0.035744866 0.054421998 0.070511832 0.056314014 0.036120034 0.025207258 0.021086752 0.000000000 0.025195203 0.077141774 0.173628536 0.026842031 
busco_assembly_oamb.asm.p_ctg       0.034999350 0.053496411 0.069608862 0.055243197 0.035137519 0.000131893 0.027741085 0.025195203 0.000000000 0.076070509 0.171647440 0.014709078 
busco_assembly_bsig.asm.p_ctg       0.069916685 0.069298191 0.072604026 0.070912432 0.070199163 0.076032864 0.079206127 0.077141774 0.076070509 0.000000000 0.163486050 0.077130515 
busco_assembly_Gacul_UGA_v5_genomic 0.166247405 0.166716000 0.167760284 0.167823779 0.167044954 0.171616721 0.175144141 0.173628536 0.171647440 0.163486050 0.000000000 0.172623080 
busco_assembly_Lpac_genomic         0.036590046 0.054460933 0.070782997 0.056460019 0.036744605 0.014718651 0.029326317 0.026842031 0.014709078 0.077130515 0.172623080 0.000000000 
