12
busco_assembly_aminor.asm.p_ctg     0.000000000 0.046268595 0.060148818 0.047618454 0.006145346 0.034969512 0.038016757 0.035701468 0.035000065 0.065805862 0.136829553 0.036464156 
busco_assembly_Lmac1_p1.0_genomic   0.046268595 0.000000000 0.060571141 0.047536013 0.046528835 0.051726726 0.054779550 0.052589407 0.051752666 0.065277127 0.137128747 0.052600682 
busco_assembly_Cviol1.0.p_genomic   0.060148818 0.060571141 0.000000000 0.061510022 0.060410799 0.065486408 0.068181710 0.066288598 0.065514546 0.067967195 0.137659524 0.066468584 
busco_assembly_Pgunn1.2_genomic     0.047618454 0.047536013 0.061510022 0.000000000 0.047821265 0.053279322 0.056010431 0.054240470 0.053279979 0.066602513 0.137818545 0.054331952 
busco_assembly_alupus.asm.p_ctg     0.006145346 0.046528835 0.060410799 0.047821265 0.000000000 0.035101187 0.038221460 0.036055438 0.035128819 0.066034116 0.137324724 0.036608619 
busco_assembly_byu.asm.p_ctg        0.034969512 0.051726726 0.065486408 0.053279322 0.035101187 0.000000000 0.028183015 0.025708406 0.000142477 0.070858648 0.140358458 0.015330089 
busco_assembly_Melgel1.1_genomic    0.038016757 0.054779550 0.068181710 0.056010431 0.038221460 0.028183015 0.000000000 0.021703344 0.028157632 0.073489697 0.142748836 0.029644205 
busco_assembly_norway.asm.p_ctg     0.035701468 0.052589407 0.066288598 0.054240470 0.036055438 0.025708406 0.021703344 0.000000000 0.025696995 0.071789887 0.141716910 0.027259423 
busco_assembly_oamb.asm.p_ctg       0.035000065 0.051752666 0.065514546 0.053279979 0.035128819 0.000142477 0.028157632 0.025696995 0.000000000 0.070889805 0.140376875 0.015321125 
busco_assembly_bsig.asm.p_ctg       0.065805862 0.065277127 0.067967195 0.066602513 0.066034116 0.070858648 0.073489697 0.071789887 0.070889805 0.000000000 0.134902356 0.071745793 
busco_assembly_Gacul_UGA_v5_genomic 0.136829553 0.137128747 0.137659524 0.137818545 0.137324724 0.140358458 0.142748836 0.141716910 0.140376875 0.134902356 0.000000000 0.141003755 
busco_assembly_Lpac_genomic         0.036464156 0.052600682 0.066468584 0.054331952 0.036608619 0.015330089 0.029644205 0.027259423 0.015321125 0.071745793 0.141003755 0.000000000 
